1.115085757824929047e+01
1.371746736783064335e+01
1.687483762276169941e+01
2.075894457473800969e+01
2.553706231079686262e+01
3.141496664811785422e+01
3.864579713560490148e+01
4.754095883580403381e+01
5.848353338648859534e+01
7.194477690661577185e+01
8.850441525030245771e+01
1.088756106501690226e+02
1.339356749708222765e+02
1.647638522784432666e+02
2.026877978816820018e+02
2.493407555238408690e+02
3.067318951360441019e+02
3.773328403376609685e+02
4.641841121026463952e+02
5.710260727258962561e+02
7.024600093608023599e+02
8.641462943987919516e+02
1.063048156723770717e+03
1.307731562165669629e+03
1.608734117892498489e+03
1.979018888085453000e+03
2.434532665055779944e+03
2.994892738470757649e+03
3.684231739293326882e+03
4.532236942731788076e+03
