1.104701036233895195e+01
1.336027722678587715e+01
1.615794696681905762e+01
1.954145454849560792e+01
2.363347562998570339e+01
2.858237440652172268e+01
3.456758284329769992e+01
4.180610633088625150e+01
5.056039163838261175e+01
6.114784243224303850e+01
7.395232736448861033e+01
8.943809797842899911e+01
1.081666210526892371e+02
1.308169356729604829e+02
1.582102731167639718e+02
1.913398321931093733e+02
2.314067895999857001e+02
2.798638509253404436e+02
3.384679213179234125e+02
4.093438055057614520e+02
4.950612467305196560e+02
5.987280977943785274e+02
7.241030023172187384e+02
8.757316716825935146e+02
1.059111698658610976e+03
1.280891883332605175e+03
1.549113298309623588e+03
1.873500833463072922e+03
2.265815790760372693e+03
2.740282313175837771e+03
