2.500000000000000000e-01
2.503755633450175377e-01
2.507522567703109329e-01
2.511300853842290404e-01
2.515090543259557165e-01
2.518891687657430767e-01
2.522704339051463074e-01
2.526528549772612542e-01
2.530364372469635637e-01
2.534211860111505454e-01
2.538071065989847552e-01
2.541942043721402977e-01
2.545824847250509060e-01
2.549719530851606297e-01
2.553626149131766887e-01
2.557544757033248239e-01
2.561475409836065364e-01
2.565418163160594900e-01
2.569373072970195238e-01
2.573340195573854960e-01
2.577319587628866260e-01
2.581311306143521112e-01
2.585315408479834653e-01
2.589331952356291877e-01
2.593360995850622630e-01
2.597402597402597157e-01
2.601456815816857726e-01
2.605523710265763571e-01
2.609603340292275808e-01
2.613695765812859562e-01
2.617801047120418834e-01
2.621919244887257472e-01
2.626050420168067334e-01
2.630194634402945875e-01
2.634351949420442596e-01
2.638522427440633256e-01
2.642706131078224052e-01
2.646903123345685782e-01
2.651113467656415756e-01
2.655337227827934132e-01
2.659574468085106336e-01
2.663825253063398790e-01
2.668089647812166842e-01
2.672367717797968778e-01
2.676659528907923136e-01
2.680965147453083230e-01
2.685284640171858306e-01
2.689618074233459111e-01
2.693965517241379559e-01
2.698327037236913362e-01
2.702702702702702853e-01
2.707092582566323902e-01
2.711496746203904684e-01
2.715915263443780536e-01
2.720348204570184891e-01
2.724795640326975743e-01
2.729257641921397082e-01
2.733734281027884183e-01
2.738225629791894988e-01
2.742731760833790333e-01
2.747252747252746929e-01
2.751788662630710314e-01
2.756339581036383324e-01
2.760905577029265645e-01
2.765486725663716672e-01
2.770083102493074989e-01
2.774694783573806722e-01
2.779321845469705510e-01
2.783964365256124673e-01
2.788622420524261014e-01
2.793296089385474690e-01
2.797985450475657387e-01
2.802690582959641019e-01
2.807411566535654157e-01
2.812148481439820102e-01
2.816901408450704358e-01
2.821670428893905402e-01
2.826455624646693199e-01
2.831257078142695449e-01
2.836074872376631029e-01
2.840909090909091161e-01
2.845759817871371666e-01
2.850627137970353497e-01
2.855511136493432689e-01
2.860411899313501372e-01
2.865329512893983188e-01
2.870264064293914785e-01
2.875215641173088366e-01
2.880184331797235320e-01
2.885170225043277581e-01
2.890173410404624499e-01
2.895193977996525780e-01
2.900232018561484937e-01
2.905287623474724357e-01
2.910360884749709220e-01
2.915451895043731367e-01
2.920560747663551449e-01
2.925687536571093816e-01
2.930832356389214688e-01
2.935995302407515828e-01
2.941176470588235392e-01
2.946375957572185955e-01
2.951593860684769699e-01
2.956830277942045782e-01
2.962085308056872091e-01
2.967359050445103619e-01
2.972651605231866889e-01
2.977963073257891558e-01
2.983293556085919174e-01
2.988643156007172452e-01
2.994011976047904477e-01
2.999400119976004531e-01
3.004807692307692180e-01
3.010234798314268545e-01
3.015681544028950833e-01
3.021148036253776259e-01
3.026634382566585901e-01
3.032140691328077398e-01
3.037667071688943121e-01
3.043213633597078305e-01
3.048780487804877981e-01
3.054367745876603313e-01
3.059975520195838405e-01
3.065603923973022615e-01
3.071253071253071676e-01
3.076923076923077094e-01
3.082614056720098805e-01
3.088326127239036656e-01
3.094059405940594032e-01
3.099814011159330307e-01
3.105590062111801553e-01
3.111387678904791732e-01
3.117206982543641036e-01
3.123048094940661934e-01
3.128911138923654578e-01
3.134796238244514366e-01
3.140703517587939975e-01
3.146633102580239094e-01
3.152585119798234636e-01
3.158559696778269199e-01
3.164556962025316111e-01
3.170577045022194285e-01
3.176620076238881873e-01
3.182686187141948175e-01
3.188775510204081565e-01
3.194888178913737886e-01
3.201024327784890988e-01
3.207184092366902051e-01
3.213367609254498825e-01
3.219575016097875331e-01
3.225806451612903136e-01
3.232062055591467531e-01
3.238341968911916946e-01
3.244646333549643380e-01
3.250975292587776067e-01
3.257328990228013366e-01
3.263707571801566787e-01
3.270111183780248787e-01
3.276539973787679916e-01
3.282994090610636961e-01
3.289473684210526550e-01
3.295978905735003628e-01
3.302509907529722621e-01
3.309066843150231807e-01
3.315649867374005355e-01
3.322259136212624697e-01
3.328894806924101446e-01
3.335557038025350196e-01
3.342245989304812870e-01
3.348961821835231278e-01
3.355704697986577334e-01
3.362474781439139249e-01
3.369272237196765385e-01
3.376097231600270199e-01
3.382949932341001165e-01
3.389830508474576121e-01
3.396739130434782705e-01
3.403675970047651544e-01
3.410641200545702634e-01
3.417634996582364915e-01
3.424657534246575152e-01
3.431708991077557225e-01
3.438789546079780157e-01
3.445899379738111556e-01
3.453038674033149236e-01
3.460207612456747683e-01
3.467406380027739377e-01
3.474635163307852603e-01
3.481894150417827460e-01
3.489183531053733911e-01
3.496503496503496899e-01
3.503854239663629633e-01
3.511235955056180025e-01
3.518648838845883642e-01
3.526093088857545910e-01
3.533568904593639703e-01
3.541076487252124982e-01
3.548616039744499906e-01
3.556187766714082876e-01
3.563791874554526062e-01
3.571428571428571508e-01
3.579098067287044271e-01
3.586800573888091481e-01
3.594536304816678407e-01
3.602305475504323229e-01
3.610108303249097705e-01
3.617945007235889854e-01
3.625815808556925313e-01
3.633720930232558488e-01
3.641660597232337926e-01
3.649635036496350349e-01
3.657644476956840029e-01
3.665689149560117377e-01
3.673769287288758401e-01
3.681885125184093943e-01
3.690036900369003670e-01
3.698224852071006485e-01
3.706449221645663483e-01
3.714710252600296747e-01
3.723008190618019575e-01
3.731343283582089776e-01
3.739715781600598254e-01
3.748125937031484001e-01
3.756574004507888809e-01
3.765060240963855609e-01
3.773584905660377631e-01
3.782148260211800062e-01
3.790750568612585303e-01
3.799392097264437940e-01
3.808073115003808295e-01
3.816793893129770687e-01
3.825554705432288038e-01
3.834355828220859519e-01
3.843197540353574526e-01
3.852080123266563572e-01
3.861003861003861060e-01
3.869969040247678849e-01
3.878975950349107804e-01
3.888024883359253447e-01
3.897116134060795156e-01
3.906250000000000555e-01
3.915426781519185662e-01
3.924646781789639105e-01
3.933910306845004312e-01
3.943217665615141865e-01
3.952569169960473694e-01
3.961965134706814662e-01
3.971405877680699303e-01
3.980891719745223156e-01
3.990422984836392573e-01
4.000000000000000222e-01
4.009623095429030171e-01
4.019292604501607524e-01
4.029008863819499853e-01
4.038772213247173171e-01
4.048582995951417463e-01
4.058441558441558406e-01
4.068348250610251959e-01
4.078303425774877922e-01
4.088307440719542440e-01
4.098360655737705027e-01
4.108463434675431181e-01
4.118616144975288385e-01
4.128819157720892141e-01
4.139072847682119249e-01
4.149377593360995542e-01
4.159733777038269742e-01
4.170141784820684538e-01
4.180602006688963201e-01
4.191114836546521172e-01
4.201680672268907624e-01
4.212299915754002533e-01
4.222972972972973138e-01
4.233700254022015330e-01
4.244482173174872752e-01
4.255319148936170803e-01
4.266211604095563326e-01
4.277159965782720286e-01
4.288164665523156449e-01
4.299226139294927695e-01
4.310344827586207184e-01
4.321521175453759689e-01
4.332755632582322436e-01
4.344048653344917965e-01
4.355400696864111798e-01
4.366812227074235997e-01
4.378283712784588610e-01
4.389815627743634541e-01
4.401408450704225039e-01
4.413062665489849712e-01
4.424778761061947119e-01
4.436557231588287298e-01
4.448398576512455072e-01
4.460303300624442469e-01
4.472271914132379678e-01
4.484304932735426186e-01
4.496402877697841527e-01
4.508566275924256184e-01
4.520795660036167063e-01
4.533091568449682529e-01
4.545454545454545303e-01
4.557885141294439335e-01
4.570383912248629499e-01
4.582951420714940771e-01
4.595588235294117418e-01
4.608294930875576068e-01
4.621072088724584859e-01
4.633920296570899211e-01
4.646840148698884732e-01
4.659832246039142811e-01
4.672897196261682762e-01
4.686035613870665473e-01
4.699248120300751896e-01
4.712535344015080230e-01
4.725897920604915647e-01
4.739336492890995345e-01
4.752851711026615522e-01
4.766444232602478626e-01
4.780114722753346923e-01
4.793863854266539049e-01
4.807692307692307265e-01
4.821600771456123757e-01
4.835589941972921468e-01
4.849660523763337228e-01
4.863813229571984365e-01
4.878048780487805325e-01
4.892367906066537042e-01
4.906771344455349015e-01
4.921259842519685179e-01
4.935834155972360082e-01
4.950495049504950451e-01
4.965243296921548755e-01
4.980079681274900416e-01
4.995004995004995729e-01
5.010020040080159776e-01
5.025125628140703071e-01
5.040322580645161255e-01
5.055611729019211520e-01
5.070993914807302438e-01
5.086469989827060445e-01
5.102040816326530726e-01
5.117707267144319117e-01
5.133470225872690529e-01
5.149330587023686068e-01
5.165289256198347667e-01
5.181347150259066892e-01
5.197505197505197794e-01
5.213764337851928277e-01
5.230125523012552069e-01
5.246589716684154636e-01
5.263157894736841813e-01
5.279831045406546686e-01
5.296610169491525744e-01
5.313496280552603146e-01
5.330490405117270791e-01
5.347593582887699704e-01
5.364806866952790410e-01
5.382131324004305606e-01
5.399568034557236107e-01
5.417118093174431159e-01
5.434782608695652995e-01
5.452562704471101140e-01
5.470459518599561921e-01
5.488474204171239768e-01
5.506607929515417998e-01
5.524861878453038999e-01
5.543237250554323703e-01
5.561735261401556940e-01
5.580357142857143016e-01
5.599104143337065853e-01
5.617977528089888040e-01
5.636978579481397578e-01
5.656108597285067763e-01
5.675368898978433441e-01
5.694760820045557947e-01
5.714285714285713969e-01
5.733944954128440408e-01
5.753739930955120707e-01
5.773672055427251371e-01
5.793742757821552791e-01
5.813953488372093359e-01
5.834305717619603371e-01
5.854800936768149722e-01
5.875440658049353448e-01
5.896226415094338869e-01
5.917159763313609711e-01
5.938242280285035424e-01
5.959475566150178594e-01
5.980861244019137768e-01
6.002400960384154383e-01
6.024096385542168086e-01
6.045949214026602458e-01
6.067961165048543215e-01
6.090133982947625313e-01
6.112469437652811033e-01
6.134969325153374342e-01
6.157635467980294708e-01
6.180469715698393429e-01
6.203473945409428980e-01
6.226650062266501084e-01
6.250000000000000000e-01
6.273525721455458504e-01
6.297229219143576362e-01
6.321112515802781440e-01
6.345177664974619436e-01
6.369426751592356384e-01
6.393861892583120321e-01
6.418485237483954053e-01
6.443298969072164262e-01
6.468305304010348866e-01
6.493506493506493449e-01
6.518904823989569719e-01
6.544502617801046807e-01
6.570302233902759470e-01
6.596306068601582862e-01
6.622516556291391243e-01
6.648936170212765839e-01
6.675567423230974740e-01
6.702412868632707799e-01
6.729475100942126087e-01
6.756756756756756577e-01
6.784260515603799391e-01
6.811989100817439358e-01
6.839945280437756958e-01
6.868131868131868156e-01
6.896551724137931494e-01
6.925207756232687473e-01
6.954102920723227443e-01
6.983240223463687002e-01
7.012622720897615514e-01
7.042253521126761173e-01
7.072135785007070963e-01
7.102272727272728181e-01
7.132667617689014694e-01
7.163323782234957138e-01
7.194244604316546443e-01
7.225433526011560970e-01
7.256894049346879205e-01
7.288629737609330084e-01
7.320644216691067907e-01
7.352941176470588758e-01
7.385524372230427570e-01
7.418397626112759324e-01
7.451564828614009039e-01
7.485029940119759528e-01
7.518796992481202590e-01
7.552870090634440370e-01
7.587253414264035767e-01
7.621951219512195230e-01
7.656967840735068309e-01
7.692307692307691624e-01
7.727975270479133796e-01
7.763975155279503326e-01
7.800312012480499213e-01
7.836990595611285082e-01
7.874015748031495399e-01
7.911392405063291111e-01
7.949125596184419829e-01
7.987220447284345548e-01
8.025682182985554025e-01
8.064516129032258673e-01
8.103727714748784061e-01
8.143322475570032859e-01
8.183306055646480948e-01
8.223684210526316374e-01
8.264462809917355601e-01
8.305647840531561465e-01
8.347245409015024986e-01
8.389261744966443057e-01
8.431703204047218403e-01
8.474576271186441412e-01
8.517887563884156688e-01
8.561643835616439269e-01
8.605851979345955360e-01
8.650519031141868931e-01
8.695652173913044347e-01
8.741258741258740583e-01
8.787346221441125760e-01
8.833922261484098426e-01
8.880994671403198426e-01
8.928571428571427937e-01
8.976660682226210719e-01
9.025270758122743153e-01
9.074410163339382551e-01
9.124087591240874762e-01
9.174311926605503986e-01
9.225092250922508619e-01
9.276437847866418895e-01
9.328358208955223052e-01
9.380863039399623959e-01
9.433962264150942412e-01
9.487666034155597394e-01
9.541984732824426718e-01
9.596928982725527746e-01
9.652509652509652094e-01
9.708737864077670032e-01
9.765625000000000000e-01
9.823182711198428230e-01
9.881422924901185345e-01
9.940357852882704126e-01
